2,2.498135306,1.911163563,2.433936079,2.181788222,2.334763631,2.323929741,2.389505698,1.939106092,1.871371012,2.060029674,2.028673636,2.217935859,1.311530461,1.867495707,2.188907914,2.221012567,2.493428383,2.047580694,2.521392968,2.023782516,1.966767936,2.1420145,2.315917481,2.515212523,1.893252679,0.221253681,2.279544411,1.902818219,1.914989686,2.369485198,2.152229481,2.190903225,2.267656314,2.447119236,1.985957648,1.419099818,1.731707037,2.170797402,2.471643185,1.919662485,2.169125978,1.567949617,2.252044112,2.011979287,2.13005587,2.091830068,2.081940888,1.970088077,2.110959391,1.984476415,2.138298187,2.072981004,2.128617322,1.703618612,2.124276748,1.990459757,2.484349967,1.272264355,2.015078034,2.074373672,2.403867643,2.30658017,2.437938118,1.932065042,2.294976688,1.987308218,1.223904783,1.968204077,2.378006634,1.90371539,2.324231061,2.381863919,2.117679046,2.502399434,2.419619217,2.131489761,1.862793721,1.906703565,1.905136688,2.494158208,2.362522183,2.242406009,1.899836057,1.877502564,1.925132892,2.423903762,2.14153342,1.868457821,2.485283597,1.992285164,2.12442367,2.020472547,2.364051698,2.502220092,1.888372337,2.181429695,2.562691978,2.092312723,2.047321576,2.111931404,2.392218128,1.942812044,1.943646188,2.456551641,2.261247147,2.035775928,2.016578432,1.959037695,2.116496172,1.987986983,1.70543752,2.32983551,2.339632287,1.267784568,1.846104371,1.580656488,2.481797136,1.174816138,2.501676968,1.910920779,1.974885911,1.865934861,2.504430468,2.432937971,0.950602121,1.961598362,2.178730729,2.59858328,1.998325318,2.31580267,2.435864717,1.944417019,2.468266851,2.437042882,2.424354104,2.329969944,2.393085563,2.363860875,1.926081933,1.54614046,2.102922721,1.733321251,1.412975217,2.147322084,1.822493211,2.434247357,2.057297581,2.125286861,2.480283203,2.16564962,1.89875835,2.02871377,2.277500406,2.573590486,2.208813937,2.045190602,2.615470467,2.404687023,2.20869488,2.224147788,2.688454586,2.672703741,2.207571743,2.327447908,2.31110912,2.111679888,1.982638282,2.402780596,2.442562579,2.048846155,2.129192369,2.361604046,2.22453926,2.286383527,2.492024638,1.869413531,2.401925687,1.96556709,2.112091889,2.239566877,2.153098854,2.372494192,1.965764703,2.257619063,1.907246466,2.525784114,2.229582746,2.623095625,2.019231991,2.415771781,2.194432959,2.510582132,2.183768004,2.134239175,2.547271628,2.193934389,2.387834536,2.594180233,1.577949015,1.993534752,1.939570497,2.093013276,2.160817261,2.164822827,2.304082075,2.150867547
2.498135306,2,1.000160182,2.381904172,2.137812761,2.323898438,2.356022695,1.593887785,2.031548803,1.937130313,2.114088485,2.093604412,2.101591279,2.374175269,1.953826929,2.15579918,2.180059363,2.395068949,2.06226458,2.546953899,2.091263325,2.032650282,2.185697458,2.207835488,2.601862747,1.942957426,0.238935224,1.559483884,0.9516859,1.981420303,2.308759564,2.194818628,2.210428045,2.247292581,2.441168936,2.014993558,2.119746263,2.608935975,2.116589141,2.523161806,2.002041475,2.141848742,2.539187973,2.22058796,2.061758709,2.196712295,2.185045539,2.123359681,2.014388583,2.131214133,2.027180427,2.205200659,2.117030554,2.183183269,2.597045512,2.286967942,2.046761604,2.529353162,2.345469717,2.078420738,2.108117604,2.383336447,2.185291301,2.362793828,1.977312275,2.277405548,2.035816532,1.99640974,2.023423669,2.345274905,1.979677971,2.369272045,2.39807387,2.151052773,2.531193625,2.353960569,2.146621481,1.957537953,0.988305775,0.960480037,2.435865969,2.369640031,2.221779485,1.990292376,1.985546381,1.959305432,2.454134711,2.080609976,1.963842609,2.482152828,2.067891744,2.094436255,2.188074378,2.378011377,2.522289191,1.980547228,2.142759035,2.574892383,2.135804666,2.124491103,2.080308194,1.396824279,2.025568017,2.015580574,2.464674255,2.111283567,2.067611182,1.123484603,1.970257685,2.17128088,2.0362154,2.597799499,2.375948134,2.312912408,2.354762662,2.414665122,2.500924648,2.410707904,2.04811898,2.523543337,1.961487659,1.993564693,1.96544408,1.739571165,2.469239988,2.041049178,2.059587269,2.036418074,2.576124577,2.082377511,2.214157866,2.44538435,1.972807361,1.503915788,2.441400035,1.559353489,2.332348834,2.356433309,2.340683759,0.985843718,2.427764168,2.145151363,2.596871676,2.431765321,2.053417996,2.597512691,2.437537195,2.126683385,2.108786058,2.482892841,2.09468307,1.975008742,2.066590673,2.380380949,2.551324239,2.054307083,2.126979577,2.545270028,2.429393433,2.063340918,2.111076489,2.541977637,2.552084688,2.099390176,2.296011838,2.247760969,2.079922155,2.023501235,2.501949555,2.572595054,2.098066889,2.208734936,2.392704038,2.285424573,2.251893648,2.523076883,1.952940765,1.701945406,2.005347664,2.217029482,2.321637674,2.168505377,2.431724673,1.03920585,1.345464111,1.993004844,2.503684443,2.109568603,2.507078345,2.089227035,2.356209506,2.131455977,2.391302762,2.109861896,2.229564211,2.436286386,2.15319472,2.382930033,2.587793662,2.489447963,2.036455084,1.995719533,2.188186308,2.253956338,2.145735114,2.302617137,2.04639267
1.911163563,1.000160182,2,2.112375074,2.169829132,2.121617222,1.861794248,2.068705291,2.139001485,2.655521615,2.013530451,2.435282393,2.279285117,2.088529634,2.700875339,2.168077144,1.947209582,2.142852734,1.853622313,1.91002996,2.427729714,1.89466255,2.571424703,2.119296776,2.034975506,2.539745342,-0.216597531,1.037537085,1.884564057,2.837217336,1.968931131,2.049954441,2.38763298,2.01549171,1.905639543,1.864051468,1.939709423,1.946103646,2.3864104,1.90172256,2.832285477,2.582885384,2.019669791,2.387292789,2.080094118,1.969419182,2.12773515,2.58611365,2.514944255,1.077008723,1.910585268,2.061070871,2.555005885,2.330922816,1.96562184,2.049249295,2.522662509,1.899649695,2.108075162,2.061491333,2.549517902,2.036071583,2.067134684,2.267845941,2.821219458,1.880916669,2.13921503,1.934850727,2.666345375,2.201706385,2.812811801,1.937679337,2.050547613,2.528998158,1.904974485,2.216611062,2.52103348,2.720384574,1.944581387,1.945319946,1.999498361,2.358830715,2.432985073,2.758550393,2.692943289,1.785664353,2.111833188,2.481371342,2.702094078,1.905863989,1.956135343,2.169429239,2.124450455,1.917287492,1.89869963,2.680004401,2.009309281,1.914718667,2.61167988,1.974335014,2.559932002,2.115399741,2.771206266,2.718268714,1.902614592,2.137231662,2.318738333,2.051098821,1.539811089,1.934704064,2.548666088,1.946884708,1.964300458,2.099913592,2.084162688,1.920764835,2.009266292,2.021057145,1.937005191,1.901685971,2.497449507,1.888716352,2.805255755,1.00182947,1.97216232,2.666302594,1.913918692,2.168045718,1.935542753,1.051613192,2.250934824,2.113381655,1.586093643,2.048735192,2.054126327,1.06284001,1.965327274,2.218552235,1.822475901,2.560553242,1.942059658,2.510316551,1.970470514,2.093631809,2.056328357,1.929449605,2.060069913,2.033039761,2.561515424,1.898159947,2.427906073,2.7007175,2.196496725,1.994152558,1.979204982,2.191446089,1.888309688,1.981711325,2.154902377,2.27781328,2.345645633,1.963008677,1.957793075,2.349266959,2.153173595,2.025580646,1.85585136,2.462334473,1.943827434,2.0402344,2.311619981,1.957725169,2.04477731,2.021360642,2.304882111,1.893639861,2.823423543,1.038909396,2.342223102,1.936197478,2.259990011,2.394102755,1.915586707,1.107660405,2.021352186,2.31374754,1.902873991,2.307912933,1.967987807,1.932874283,1.97435048,2.198987486,2.084259207,2.258538779,2.397510828,1.969480032,1.940893379,2.087825689,1.927070692,1.98207127,1.901246391,2.491268862,1.917925329,1.978571731,2.561075785,1.985254341,2.120640891
2.433936079,2.381904172,2.112375074,2,1.518001297,1.724687187,2.394204664,2.386931382,1.964488391,2.167464082,2.164078464,2.182897419,1.539644432,2.187028556,2.160568928,1.528845829,2.457886967,1.806350061,1.857210348,2.447320385,2.16202633,1.737766237,2.35031929,2.17495806,2.413807289,2.07379998,0.4504307,2.225620605,2.078343694,2.22742364,2.315660701,2.152612518,2.287498998,1.403069208,2.294304154,1.770340567,2.134616633,2.422929361,1.479995547,2.37291161,2.178004325,2.353545298,2.408297267,2.42350179,1.879106383,1.967241879,2.126110285,2.372907327,2.422269077,2.096516555,1.761479581,2.105711865,2.338691628,2.111696363,2.457917169,2.127903916,2.342554751,2.387045925,2.161270758,2.044190792,2.34899993,2.473183539,2.073456242,2.475787849,2.123576047,2.373708803,2.037609389,1.972600959,2.128247569,2.480553413,2.160052753,2.283914474,2.412928863,2.413952559,2.337081084,2.421029605,2.391235147,2.118708802,2.153330226,2.097451103,1.646146653,2.466245469,2.468408184,2.057521163,2.165119018,2.078025994,2.475698533,2.226230408,2.14881449,2.338010969,1.852181063,1.604220215,1.990609283,2.327723079,2.413490609,2.027760586,2.237754871,2.38608186,2.250981727,1.969638818,2.283277327,2.288825899,2.170234836,2.11857536,2.31546783,2.203804135,2.106401473,2.007012868,2.034989497,2.137482667,1.997628995,2.4552459,2.374730845,2.437264628,2.137911369,2.39006159,2.381171815,2.488895202,1.927077754,2.333924254,2.012187727,1.735787782,2.071119372,2.37203651,2.306292955,2.045799288,1.865084825,2.294690519,2.455808937,2.038889542,2.365012855,2.444209344,2.017538602,2.379706026,2.372350775,2.464796518,1.319502115,2.525334292,2.422726052,2.157183137,2.442624698,2.378343631,2.447670245,2.310083,1.574010192,2.456323253,2.46528805,2.025731508,2.318587818,2.377334894,2.295936884,2.122376312,1.924880492,2.170076851,2.51524534,2.360643023,1.772395545,2.497511722,2.413430969,2.406784661,2.517046737,1.5744499,2.504747885,2.483679709,2.491494311,2.179888579,2.093420934,2.010482175,2.254730931,2.292218905,2.082219895,1.962359889,2.407232352,2.110792109,2.285689912,2.323526449,2.115745981,2.348647724,1.907630614,1.952397357,2.269147605,2.173982196,2.299269554,2.005832408,2.302111204,2.016229443,2.327936638,2.52974968,1.653315321,1.87318205,2.357664673,1.532119002,1.903375132,1.540996447,2.088965434,1.713304236,2.41250583,2.42772068,2.406871002,2.422867491,1.773420096,1.97370814,1.987949845,1.948644903,2.365960483,2.219049806,2.264896394
2.181788222,2.137812761,2.169829132,1.518001297,2,1.387727882,1.510702674,2.26209562,1.837638063,2.285769552,2.134535237,2.329484705,1.83348519,1.982652151,2.196822568,1.938645247,1.511418661,1.431475217,1.728398153,2.413625432,2.19505818,1.547992569,2.403446764,2.237541868,2.347344949,2.154444606,0.426253659,2.026246312,2.131087213,2.36430839,2.326038317,2.090487604,2.289256082,1.636058385,2.336424982,1.604448693,1.994153031,2.249942013,2.609616084,2.393372769,2.235634642,2.450449106,2.379898479,2.518339712,1.77544627,1.862449127,2.139149942,2.518850677,2.519536017,1.974049377,1.575704702,2.084954272,2.493723849,2.082632376,2.329349558,2.094228098,2.568834528,2.420615292,1.952088191,1.971097491,2.50454816,2.341266909,1.997890517,2.458171872,2.201615275,2.430589137,2.037245662,2.000589383,2.208280579,2.390893344,2.229848977,2.255992385,2.346956519,2.553177716,2.343957281,2.35933544,2.524885785,2.172385176,2.241774854,2.169668923,1.164460652,2.55411926,2.555388839,2.195116234,2.226706714,2.174327978,2.37823689,2.340949461,2.169089706,2.322099994,1.706814949,1.70051022,1.843095452,1.472286902,2.400321359,2.066998139,2.293084895,2.325499085,2.313593592,1.884066016,2.390254344,2.209361223,2.24484076,2.19932829,2.325284284,2.343779509,2.188138014,1.972995207,2.129988737,2.135031331,1.984052058,2.334497306,2.268224199,2.367495708,1.911371371,2.135595387,2.105884169,2.355552598,1.869757765,2.341555795,2.045164182,1.551921671,2.156469936,2.134260861,2.302059634,2.007423379,1.680687766,2.427658675,2.338607478,2.059862678,2.435290561,2.402474701,2.106449592,2.369823032,2.325475454,2.26219304,1.442958667,2.46167903,1.455795003,2.228109323,2.265746209,2.529715878,2.310855182,2.097376407,1.764704443,2.236610113,2.397162317,1.998637125,2.415724209,2.428968686,2.415693438,2.126770318,1.80885371,2.13739246,2.425835846,2.495937275,1.544335005,2.329599587,2.358714726,2.550091535,1.69922349,2.288134593,2.253435461,2.625696586,2.450434883,2.191480494,2.107584436,2.070577111,2.160841037,2.129705947,2.020274128,1.80898329,2.337742633,2.019520234,2.276452561,2.297561034,2.189233716,2.168394988,1.842078556,1.857355311,2.145598654,2.110553384,2.349721789,1.987077933,2.234077784,1.966042682,2.317555976,1.760009121,2.3517968,1.699526275,2.344245694,1.930934176,1.433745168,1.867997934,1.965160148,1.323473377,2.448779206,2.349023042,2.325899786,2.26552671,1.600154798,1.979218564,1.957539357,1.939845752,2.439316934,2.19085961,2.347413891
2.334763631,2.323898438,2.121617222,1.724687187,1.387727882,2,2.229482894,2.306066995,1.992004285,2.187652369,2.112691856,2.156761296,2.422172014,2.198540711,2.185748248,1.42096438,1.313359021,1.601904963,1.892007913,2.313491648,2.210307658,1.807120353,2.33331302,2.130457361,2.296510868,2.061864022,0.273459407,2.190879296,2.082796615,2.18758381,2.248280537,2.15363139,2.306025845,1.34590753,2.204389312,1.852132791,2.08759573,2.322664855,1.362703405,2.249551636,2.215639669,2.289723975,2.286300403,2.319321129,1.978046625,2.006353482,2.034918203,2.327814628,1.343884434,2.118010901,1.820945323,2.064427054,2.293026381,2.144865608,2.338429646,2.098615988,2.267245598,2.25424532,2.205325891,2.026224188,2.283604248,2.304740108,2.107307418,2.325480256,2.139575982,2.298703782,2.041983629,1.950658801,2.170932842,2.303161108,2.211993956,2.170505851,2.260640798,2.339227538,2.216513866,2.28127271,2.30336274,2.161837039,2.163875673,2.104172232,1.48754847,2.343710917,2.353530132,2.119631034,2.202171292,2.094102301,2.344832338,2.160018081,2.210333649,2.255673044,1.868373894,1.457962116,2.029899196,1.193707278,2.280962186,2.040972639,2.245961799,2.271184679,2.291737991,2.033015048,2.240717791,2.157470176,2.222732286,2.175882231,2.218740461,2.13329103,2.085431895,2.015259483,2.060261916,2.116936783,2.085302398,2.332627399,2.22274433,2.274734661,2.188223222,2.28620406,2.328585266,2.325659734,1.945700919,2.212609222,2.024671787,1.770450077,2.149144699,2.315316235,2.192294686,2.023659923,1.871656574,2.222825661,2.326358896,2.02844718,2.238053096,2.304918142,2.04090823,2.257189313,2.235032694,2.381448327,1.27420629,2.345708088,2.244816118,2.149389205,2.296601101,2.315166506,2.336123617,2.28076141,1.440760107,2.353969833,2.328604049,2.013370432,2.276807722,2.248875125,2.203662489,2.151576962,2.006148052,2.136685379,2.374394624,2.266587225,1.925837491,2.37083575,2.313572603,2.327174839,2.414747196,2.422340785,2.381580607,2.390552928,2.31683182,2.070192604,1.966603425,2.095552743,2.195060877,2.218213174,2.053305438,2.008004487,2.262746289,2.094642956,2.204691023,2.235518514,2.180941541,2.274683484,2.028743161,1.997576345,2.180173618,2.154929374,2.241297667,2.012848037,2.243927644,2.020327715,2.231417177,2.41924012,1.465850286,1.918194627,2.210339961,1.405869076,1.670339801,2.404636107,2.122990377,1.515946287,2.270422926,2.343353379,2.29875846,2.30095846,1.833339933,2.078363412,1.994912395,1.985225192,2.304224193,2.114457506,2.219276567
2.323929741,2.356022695,1.861794248,2.394204664,1.510702674,2.229482894,2,2.374372393,1.803709547,1.798753918,2.112312214,2.191995984,2.493855068,2.08447666,1.845865384,1.510893505,1.529406794,2.393901009,1.959117074,2.728675506,1.936687437,1.772672181,2.083491314,2.30406518,2.596496599,1.893543332,0.629578857,2.205622452,1.859268707,1.962098866,2.487929504,2.09645864,2.068839509,1.556811499,2.694826176,1.813196735,1.985302482,2.518014652,1.336245649,2.656785815,1.840651413,2.20736026,2.676417304,2.439257071,1.832859853,2.047572875,2.161135478,2.357901408,1.085669735,2.028312687,1.797654633,2.273068623,2.368317048,2.14445472,2.585655139,2.141437208,2.173406458,2.714444801,2.042548004,1.995875287,2.35637964,2.567050704,2.095584841,2.526063446,1.906201765,2.453355489,2.045947095,1.944770423,1.859794719,2.545157151,1.834018311,2.478106856,2.598620882,2.446028025,2.711113263,2.460649358,2.387965907,1.772054305,1.901214842,1.870693701,2.248687883,2.455667173,2.456988098,1.880639058,1.819879766,1.908143893,2.561567793,2.158709827,1.789340135,2.670976374,1.844691886,1.374003292,1.889984489,1.85117769,2.762549217,1.89041181,2.14445333,2.689270708,1.969068641,1.944306128,2.137319835,2.403529298,1.855226702,1.846648581,2.678622502,2.359740504,2.129094796,1.94657988,1.963614491,2.167162983,1.849301746,2.609112138,2.587236916,2.547158208,2.006872998,2.219000968,2.321363512,2.571389917,1.911989822,2.72741605,1.862787816,1.77975955,1.829254792,2.342882603,1.601569257,1.889013836,1.795624607,2.170946762,2.585578064,2.060337455,2.408554188,2.641915514,1.923196939,2.622809793,2.533114443,2.31868729,1.587723201,2.56555034,2.686879795,1.917367281,2.511280385,2.413354997,2.53870021,2.210815173,1.407439409,2.452914313,2.675005723,2.103875412,2.160756528,2.8155524,2.252374741,1.837959237,1.843966381,2.296124472,2.607430318,2.176600438,1.783449208,2.527016167,2.605869074,2.208986426,2.370751805,2.455820584,2.462203404,2.290501104,2.615953313,2.368061471,2.274346081,1.894464249,2.43120522,2.372052785,1.972933504,2.003059807,2.547261553,2.212323063,1.248648572,2.700758913,1.806287204,2.372390393,1.769327312,2.050343175,2.323266842,2.09046126,2.603192429,1.979805204,2.253217469,1.827574786,2.677356301,2.435716394,2.492617996,1.874570918,2.571082839,2.532323458,2.379772951,2.496185938,1.94436767,2.415964281,2.473350236,2.580554215,2.638950606,2.555312737,1.798424258,1.811396781,2.087335191,2.097793339,2.199680251,2.372330447,2.098169835
2.389505698,1.593887785,2.068705291,2.386931382,2.26209562,2.306066995,2.374372393,2,2.000958015,2.032815994,2.118934238,1.187176949,2.249367026,2.286515657,2.058207591,2.274576991,2.285830403,2.387827946,2.036181419,2.486465232,2.108687307,1.96141779,2.243727532,2.184443966,2.495054826,2.057229028,0.268525933,1.619812703,1.056313515,2.114819735,2.279551703,2.211497705,2.210883518,2.286726691,2.38999365,1.977297585,2.077810346,2.490777666,2.188853626,2.47010035,2.081939781,2.214535243,2.466981935,2.275444932,2.018368461,1.136667398,2.170497043,2.230366593,2.105201089,2.136586364,1.977716666,2.246428919,2.218373747,2.183971695,2.49590018,2.308735663,2.169135969,2.482074505,2.237232781,2.067946315,2.205136381,2.357245959,2.095463398,2.366935441,2.080576749,2.269108811,2.068820947,1.991501451,2.09882175,2.337454921,2.060244985,2.334841009,2.365805463,2.264363207,2.467420104,2.328953706,2.230895307,2.033131011,2.083138128,1.058903998,2.365936139,2.378754993,2.289467453,2.067680667,2.059355841,1.089432527,2.428903272,2.149647708,2.039059456,2.411529152,1.984228029,2.211664766,1.16537613,2.350184465,2.473985924,2.055380994,2.105913815,2.487143959,2.176540021,2.083989258,2.150007306,2.321672446,2.096130056,2.081843001,2.397643964,2.167568963,1.100972067,1.196712851,1.028096564,2.146809833,1.076713041,2.4867069,2.364142638,2.324890452,2.239562436,2.326948222,2.399925316,2.364558457,2.026847169,2.460184414,2.066879843,1.936475485,2.04354443,1.588547426,2.40428254,2.066771429,2.002122907,2.085076922,2.479729283,2.091053283,2.251278331,2.397032129,1.0497583,2.455562884,2.377868111,1.512992574,2.299097945,2.372958209,2.333553104,2.08508136,2.357569552,2.244268285,2.493987921,2.363325382,2.197682634,2.466225211,2.394200232,2.146969813,2.172465865,2.432205808,2.174016719,2.066323353,2.041235262,1.286383791,2.491027722,2.115127659,2.007763865,2.478476825,2.384356471,2.148230124,2.209858934,2.464752014,2.452730225,2.185140029,2.32992646,2.201930331,2.03603328,2.061787764,2.406386246,2.449432316,2.060568143,2.165036499,2.375562686,2.257941361,2.234236632,2.45243005,2.043699726,1.603586741,2.004784408,1.108661255,2.289323901,2.204046355,2.349325954,2.022511958,2.329077982,2.01060709,2.424498945,2.228682328,2.440861808,2.065183079,2.314399624,2.269395607,2.371780497,2.248771149,2.189866193,2.375770584,2.240291824,2.366992464,2.484974507,2.405796098,1.960489954,1.023619476,2.110963361,2.136681886,2.214315627,2.241291646,2.070989057
1.939106092,2.031548803,2.139001485,1.964488391,1.837638063,1.992004285,1.803709547,2.000958015,2,2.290790774,2.068572734,1.936286908,1.887382228,2.102221234,1.50598089,1.853218406,1.809660126,1.945794537,2.179928587,1.840398615,2.05155465,2.211318402,2.081502439,2.035617177,1.93072052,2.191887194,-0.255699694,2.118295873,2.073961177,2.063528086,1.897134814,2.094882836,2.016445979,1.902072706,1.928528426,2.205418503,2.034983875,1.947305941,2.030596753,1.863029697,2.256633472,2.137701312,1.892449048,1.877561638,2.165197887,2.17362861,2.076569151,1.95508532,2.098025524,2.140009961,2.212123203,2.195179073,1.930994656,2.12476563,1.924887506,2.099986381,2.044357027,1.841693026,2.145742008,1.768988547,1.92696162,1.896238236,2.129914754,1.870054817,2.014179542,1.740203025,1.99859151,1.994518517,2.154142037,1.893823698,2.203418944,1.949552256,1.912201095,1.930828305,1.888034998,1.876894252,1.923335074,2.392810938,2.154259077,2.08768375,2.034118308,1.895516594,1.866367922,2.247542192,1.395049043,2.059177203,1.89571446,2.16227348,1.480362253,1.980023887,2.266360086,1.927822328,2.208998691,1.86909403,1.83431765,2.166533203,1.927758387,1.883142144,2.115340748,2.188336853,2.141556964,1.981984796,2.229907118,2.17225123,1.918237795,1.966088418,1.936453316,2.158553959,1.994630377,2.000103101,2.159854396,1.903495792,1.981632507,1.881514763,2.132009968,1.955663715,2.06466181,1.90357638,2.080664831,1.883807428,2.253124206,2.210368418,2.289672193,2.063607913,1.980138501,2.106900825,2.210001141,1.873773231,1.881525811,2.090805613,1.872273636,1.890770931,2.040328226,1.973849563,1.902267804,2.078762561,1.964077703,1.889860709,1.721746795,2.195099448,1.952871141,1.924545866,1.920156858,2.08836279,1.789597925,1.935346827,1.873208701,2.133435733,2.156608642,1.849344919,2.12862548,1.567075065,2.1567657,2.086873745,1.869626671,1.846411013,2.233442227,1.905290258,1.903676883,1.850298632,1.888695425,1.92961056,1.920932157,1.85220056,1.85699696,2.021721593,1.786732693,2.105504958,2.02246555,2.064979694,2.203800708,2.199137861,1.871229573,2.157469816,2.032405519,1.878940842,2.295556902,2.051824838,2.16528198,2.134793871,2.063936545,2.060106149,1.907763786,1.99465985,2.007239051,1.872732577,0.940911421,1.886627639,1.892299933,2.23370792,1.879312202,1.836746979,1.90783496,1.867747678,2.182776342,1.88806721,1.84207158,1.918356705,1.89574525,1.970871868,2.158454661,2.129742405,2.085930779,2.117863723,2.155284334,1.963965107,1.965589378
1.871371012,1.937130313,2.655521615,2.167464082,2.285769552,2.187652369,1.798753918,2.032815994,2.290790774,2,2.109570281,2.347555072,2.403474323,2.039505316,2.734151104,2.294461946,1.970507613,2.134250678,1.857626829,1.807677418,2.422363677,1.844988773,2.580061,2.200281943,1.940792603,2.568820734,-0.248804795,2.012416949,2.560691265,2.703077907,1.927553765,2.068716938,2.393570964,2.068066023,1.81088571,1.848261122,2.004986558,1.849304265,2.527056019,1.826122004,2.82987183,2.677144649,1.914412883,1.365876964,2.027554594,1.934014354,2.153262665,2.559269882,2.658869863,2.15311601,1.872050478,2.097577177,2.541633296,2.213961772,1.882846816,2.125415846,2.70939824,1.800932965,2.060813103,2.235338391,2.50701241,1.924153521,2.098253622,2.121751057,2.553155625,1.899117027,2.122073817,2.037269017,2.649922042,2.028239219,2.812966086,1.857868363,1.921633971,2.526142084,1.796677206,2.037435,2.489644072,1.884391004,2.704143849,2.61695241,1.977656807,1.359480916,1.400965186,2.606376914,1.881855295,2.528064601,1.95329155,2.488198759,1.813610068,1.82474872,1.960213686,2.396581222,2.138501344,1.846217639,1.783605373,2.609948118,2.066108232,1.803007894,2.601061786,2.019644773,2.64093504,2.09240649,2.791670479,2.671550544,0.819299395,2.160107204,2.178760678,2.122435308,2.327228724,1.993602379,2.419088557,1.861475893,1.874800192,1.945662633,2.046369126,1.922153069,1.958632199,1.956707214,1.992113329,1.788553854,2.507564198,1.842249209,2.695609088,1.963406236,1.936705081,2.513301932,1.939510128,2.25246098,1.858981381,2.145459178,2.227620534,1.945068836,2.382754678,2.029880696,2.06235585,2.10938131,1.959047313,2.075200353,1.741484673,2.684702554,1.905625573,2.518577595,1.88213204,2.040247178,2.258051289,1.845010332,0.897526754,2.089527182,2.714036675,1.793833494,2.452211862,1.676314211,2.110504394,1.983036477,1.912491067,2.307377842,1.833001117,1.89149543,1.96632555,2.388655551,2.473526172,1.892039678,1.869365303,2.468566911,2.005328634,2.075889876,1.774188907,2.392533543,1.872705102,1.964590592,2.410982548,1.931454523,1.894568342,2.002703577,2.379885578,1.773458674,2.78724886,1.989990462,2.245498508,1.905653273,2.081293856,2.222655363,1.843898205,2.053033285,2.065149297,2.418152786,1.817773802,2.434338018,1.906410294,1.925162466,1.873276533,2.307056775,2.090718596,2.382539945,2.388327481,1.916925278,1.98619542,1.948700701,1.825469409,1.907371128,1.825136793,2.36662981,1.940304056,1.941846871,1.663895534,1.901015228,2.212061164
2.060029674,2.114088485,2.013530451,2.164078464,2.134535237,2.112691856,2.112312214,2.118934238,2.068572734,2.109570281,2,2.038034559,2.124917219,2.049071904,2.086821571,2.157960557,2.163108696,2.104965874,2.156655324,2.117655568,2.089378487,2.092428798,2.135824061,2.194914182,2.14449724,2.073169923,0.161027953,2.113894579,2.020098653,2.016117655,2.033964626,1.26686989,2.072400553,2.127698091,2.154820638,2.131070021,2.100722672,2.104964256,2.114565651,2.121614506,1.078247299,2.140638965,2.147459297,2.129408059,2.073511259,2.133755597,2.068443222,2.136886302,2.082640645,2.202868122,2.104817154,2.221048956,2.116530386,2.143586132,2.113841666,2.076739728,2.14201151,2.133820063,2.0622975,2.062950852,2.120507291,2.139509458,2.110854922,2.155058886,2.019226859,2.044930942,2.042582511,2.083303292,2.083567337,2.124059969,2.08533398,1.154850464,2.16806036,1.136709956,2.140167271,2.130548538,2.132079679,2.068581844,2.027156528,2.009832485,2.126045633,2.214189645,2.11563365,1.143045725,2.089508848,2.012870519,2.150241853,2.099624571,2.071169122,2.172639776,2.074968377,2.174932663,2.074555909,2.105479218,2.115635245,2.099480185,1.950770907,2.112110302,2.095774835,2.234597302,2.14387317,2.241905034,2.093849651,2.081855371,2.147340455,2.156511027,2.053598592,2.052665825,1.987792339,2.124374306,2.12955064,2.091340336,2.228888242,2.114419502,2.051677768,2.069242935,2.14162496,1.135188348,2.129207066,2.154115398,2.043189821,2.07225887,1.09027276,2.080279478,2.207942918,2.119219952,2.046376448,2.030102845,2.101639655,2.145904159,2.129692104,2.174842617,1.980529339,2.203761834,2.144127816,2.104299197,2.10531005,2.154239213,2.072729039,2.153944787,2.142640827,2.126749861,2.097690445,2.070696177,2.15048754,2.042814987,2.146318555,2.181459502,2.162533647,2.104048948,2.1176915,2.06258058,2.088333446,2.114661512,2.110778594,2.071575545,1.179615319,2.094176189,2.111910973,2.10344223,2.119339795,2.025122915,2.031922556,2.112495235,1.124621282,2.243434714,1.890651644,2.032168626,2.210455984,2.173187532,2.249258746,2.133221619,2.151271284,2.122853645,2.246287966,2.106177137,1.043050147,2.096450303,2.057003749,2.083863547,2.141630464,2.108463838,2.104187427,2.000393273,2.019333646,2.039650995,2.152999342,2.112047601,2.051583331,2.159631604,2.136709604,2.132591486,2.101075492,2.158290887,2.131552146,2.055802642,2.138023278,2.196947154,2.097797282,2.156543359,2.041965703,2.057888368,2.092355286,2.111315076,2.199099023,2.130608407,1.991635543
2.028673636,2.093604412,2.435282393,2.182897419,2.329484705,2.156761296,2.191995984,1.187176949,1.936286908,2.347555072,2.038034559,2,2.355183052,2.025961816,2.330873309,2.321794722,2.185400643,2.171893379,1.896064718,2.161653639,2.270761757,1.799860222,2.38212789,2.142108011,2.195474579,2.277728948,0.108761331,2.081626187,1.426281191,2.493483938,2.135683163,2.109637571,2.286578277,2.211858828,2.112984421,1.854018394,1.944673431,2.090309993,2.314265155,2.147798518,2.389800868,2.438228629,2.193273794,2.37109924,0.93173772,1.951639717,1.160761821,2.441034932,2.321592463,2.068915884,1.832641922,2.111892115,2.436831725,2.197583979,2.140163923,1.212211456,2.447971262,2.140670228,2.030547293,1.984605337,2.429634408,2.11327428,2.001898101,2.299796503,2.465754463,2.162357247,2.167127168,1.952651653,2.334761392,2.255264745,2.388230781,2.087698295,2.140021594,2.420321511,2.118412364,2.231805763,2.435448587,2.318318144,2.438161563,2.44652687,2.01675671,2.3529157,2.396805206,2.399512535,2.352383665,2.44393196,2.159650591,2.303370095,2.327724725,2.098072364,1.832125084,2.260970958,0.964593984,2.160109581,2.158771512,2.318633922,2.079864037,2.122783844,2.35743824,1.956263414,2.337271059,2.187788064,2.367927646,2.337445763,2.099282235,1.339536183,1.56395398,2.046666189,1.475066706,1.974333928,2.272379663,2.125438905,2.12047624,2.157648363,2.001512812,2.005955539,2.059860247,2.141349417,1.912069758,2.112537227,2.229345334,1.823521288,2.374600297,2.084822644,2.168565289,2.361418951,1.851971255,2.262969362,2.117530832,2.003794466,2.302317855,2.195728471,1.435895538,2.198100902,2.174076641,2.168403525,2.119721997,2.291257276,2.093016893,2.333103572,2.104246033,2.432414159,2.12299718,2.080376963,2.225125653,2.066908303,2.1496939,2.022851031,2.367923445,2.152219316,2.298559054,2.308242451,1.036079957,2.089194604,2.15229335,2.271708159,1.774121159,2.125148326,2.193966641,2.309104838,2.34195986,2.08893862,2.083189223,2.327210016,2.241507021,2.128609898,1.988266448,2.306185028,2.077173258,2.098578309,2.181304386,0.943706974,2.126735038,1.094377412,2.307279713,2.105761534,2.385227603,2.136160586,1.166038785,0.950391676,2.104422072,2.249458897,2.100498455,2.149767957,2.126420545,2.049724108,2.095541069,2.3487166,2.101893947,1.851571285,2.117156834,2.343775786,2.154826141,2.357258706,2.301931326,2.082954234,2.185702988,2.098826629,2.109045872,2.118109292,1.794077134,2.320998303,1.968434085,1.972397342,2.370284567,2.06178651,2.182625365
2.217935859,2.101591279,2.279285117,1.539644432,1.83348519,2.422172014,2.493855068,2.249367026,1.887382228,2.403474323,2.124917219,2.355183052,2,1.982709996,2.28191602,1.829038054,2.513854274,1.481344606,1.731610177,2.364098772,2.255425629,1.559005164,2.454800487,2.255638851,2.317294358,2.234848266,0.389361038,2.022177442,2.22787913,2.44885714,2.282826058,2.080543176,2.340889529,1.561920787,2.296958302,1.610909536,2.034483689,2.216326671,2.712059736,2.317383113,2.3501595,2.538763087,2.3597638,2.583948441,1.77027868,1.85104038,2.151684433,2.607707944,2.618390194,2.02281822,1.590512852,2.09395685,2.586280931,2.124796139,2.30731144,2.090877342,2.641711036,2.34173904,1.94480629,2.015662344,2.578825963,2.351043015,2.008620619,2.495240434,2.293000533,2.373848989,2.075172532,2.025058767,2.291206484,2.423553782,2.342775604,2.239717719,2.350838188,2.648625682,2.287704759,2.377544674,2.597896401,2.28566774,2.352513658,2.274586993,1.185330833,2.593069261,2.621746234,2.245116679,2.336593201,2.250127839,2.383396476,2.428095352,2.265454696,2.278273643,1.717354214,2.748595303,1.874000459,2.428713745,2.356800539,2.203175126,2.271297531,2.279470794,2.363317198,1.890763192,2.491019127,2.237868092,2.351602623,2.286946399,2.272731639,2.392910117,2.212210431,1.969515358,2.166690416,2.132047256,2.052928211,2.30076778,2.258031355,2.378328892,1.907477993,2.169024149,2.099769366,2.355252622,1.886324503,2.296359341,2.125764783,1.55732243,2.264495315,2.117289684,2.287623622,2.133178747,1.674671275,1.468213958,2.291182403,2.102619173,2.482158905,2.394887661,2.157623355,2.363146148,2.356673798,2.254724734,2.383544533,2.491050892,2.392826778,2.335723932,2.266533813,2.614621154,2.28272497,2.109168578,1.799412659,2.217195088,2.391830855,2.051491566,2.520063614,2.401674935,2.497550852,2.216650712,1.829449904,2.098019759,1.379684136,1.552033753,1.556998515,2.293016996,2.365444467,1.625697269,1.830499591,1.274972614,1.232707624,1.737072133,2.480551292,2.227999522,2.059742385,2.108814208,2.116461878,2.100372248,2.116210828,1.817676442,2.318719041,2.023406952,2.365542607,2.259903605,2.304885719,2.14665043,1.877165821,1.836825631,2.208856756,2.1685681,2.314030612,2.000564014,2.223108638,2.019495818,2.282853504,1.905192174,1.344263734,1.713431379,2.33458102,1.887046154,1.480928952,1.934294073,2.042191457,1.324566467,2.456368448,2.374979951,2.267119269,2.261990393,1.608811502,2.016544917,1.95292966,1.927376529,2.517648775,2.182671384,2.372156177
1.311530461,2.374175269,2.088529634,2.187028556,1.982652151,2.198540711,2.08447666,2.286515657,2.102221234,2.039505316,2.049071904,2.025961816,1.982709996,2,2.07075576,1.987075128,1.931261945,2.255043213,2.248810027,2.202758677,2.153145212,2.24183344,2.091954787,2.189926716,2.246151059,2.065664234,-0.008392111,2.282569516,2.02524145,1.978989456,2.074818953,2.187860993,2.254173687,2.120250372,2.218993857,2.239992953,2.232723979,1.303598872,2.045486675,2.209513141,2.117626253,2.149438455,2.187187381,2.115156652,2.417345742,2.263076886,1.997108371,2.184452206,2.047413993,2.198796593,2.224086651,1.236698825,2.188245571,1.357380176,1.28707161,2.061319744,1.954385596,2.178771147,1.750950385,2.074082869,2.160320146,2.150475044,1.461002422,2.176444556,2.027528031,1.988395851,2.050521534,2.066126395,2.063866534,2.176099623,2.139270828,2.140885673,2.213008536,2.156072214,2.198196427,2.192898195,2.163148655,2.097998397,2.077632554,2.04287104,2.363722266,2.209859671,2.148094501,2.085199788,2.083817132,2.011548873,2.24628484,2.115769046,2.116831049,2.276385313,2.204464937,1.956607196,2.151964777,2.163458904,2.164267165,2.14411738,2.202008216,2.193847282,2.077971171,2.207878089,2.168558736,2.284812911,2.08719962,2.068497826,2.265993328,1.962304034,1.991722741,2.07034921,2.00925574,1.142061974,2.275098038,1.257780745,2.257854173,2.178793369,1.873250563,1.324896903,1.597244579,2.22205174,2.165570165,2.178764694,2.118007762,2.215654365,2.082652358,2.384898182,2.235360812,2.156835322,2.220042631,2.106474884,2.255556909,2.131850786,2.153385634,2.218630229,2.019796018,2.28748359,2.213568179,2.392139675,2.22824393,2.149852848,1.986513124,2.093818963,1.257010683,2.192149022,1.285047648,1.785299575,1.925684746,1.303508458,2.186371859,2.160149613,2.170039406,2.140039573,2.06641224,2.038656123,2.390880776,2.314530179,2.230487879,2.088435927,2.28060316,2.276287267,2.192995842,2.090720116,2.044168307,2.355830926,2.319929124,2.064333906,2.119892648,2.172638417,1.916569523,2.244307508,2.324985444,2.36438913,2.179567192,2.305288459,2.205283164,2.257232418,2.220564148,2.175586177,2.088747096,2.289364375,2.375357655,2.279404085,2.29730692,2.231053583,2.199003642,2.057335726,2.147362868,2.033237267,2.250032986,2.011707919,2.335558658,2.347643964,2.177374577,1.987346554,2.243892313,1.987675276,1.331401015,2.294799434,1.92289528,2.230721157,2.233255819,1.310627034,2.1955536,2.291555458,2.203057913,2.142790484,2.174766486,2.190134869,2.130214277
1.867495707,1.953826929,2.700875339,2.160568928,2.196822568,2.185748248,1.845865384,2.058207591,1.50598089,2.734151104,2.086821571,2.330873309,2.28191602,2.07075576,2,2.206225331,1.952737527,2.109151263,1.935700591,1.865538861,2.394980395,1.93146007,2.523868435,2.107269028,1.954839538,2.591652771,-0.213993347,2.042053145,2.62557089,2.696955463,1.927077303,2.088780314,2.334088605,2.034584031,0.882377191,1.931219192,1.935253859,1.888215026,2.401139324,1.871191453,2.7884808,2.583684534,1.941521368,2.271833753,2.094598098,2.020974096,2.14010787,2.476305538,2.527593226,2.095760185,1.945943425,2.164383544,2.442273522,2.293509157,1.906426921,2.115313804,2.544414841,1.849623267,2.124901145,1.406686546,2.434793949,1.975665013,2.103680688,2.130405043,2.637815859,1.856363554,2.093553274,1.941167277,2.593071476,2.083694091,2.758048518,1.935449768,1.973176144,2.424121701,1.863463307,2.082755338,2.419224021,1.81052658,2.726768486,2.653551597,1.989820123,2.257737393,2.310327922,2.649643883,1.803040297,2.625775186,2.026663626,2.49678332,1.918215847,0.916892474,2.0207681,2.245574858,2.16263184,1.898218099,1.858516268,2.553348769,2.034778814,1.863055054,2.553153228,2.045197829,2.580573129,2.004292511,2.720017485,2.629159456,1.872032621,2.097531095,2.219813448,2.137041231,2.395995006,1.990175288,2.449555233,1.886643976,1.968788848,2.022282603,2.091816755,1.881676039,1.997913588,1.979180818,1.946164964,1.861521319,2.56108094,1.916266099,2.723701755,1.986708422,1.950881826,2.484219605,1.973188694,2.122666337,1.870370071,2.079957248,1.151657491,1.99888931,2.453908895,2.01923135,1.929370658,2.098894652,1.979146919,2.110505769,1.766691672,2.584579034,1.923681435,2.406569977,1.899213608,2.081791028,2.127308636,1.86448456,0.965708428,2.066183699,2.591671853,1.853010948,2.452185227,1.921569544,2.161041485,2.007569921,1.92789105,2.139523556,1.910199491,1.921679161,2.035568211,2.223427942,2.30731366,1.903360459,1.893973786,2.282825113,2.053322873,1.995297939,1.791153267,2.427473543,1.948853807,2.000932927,2.245106348,1.989826831,1.961845783,2.059026234,2.217553835,1.853941381,2.782837157,2.022061667,2.314683892,1.949564335,2.169785053,2.305551865,1.88107222,2.085852686,2.065840422,1.653673062,1.87625714,2.292217124,1.908770263,1.990876037,1.927673654,2.216665925,2.060453952,2.271132101,2.333343268,1.912714861,1.967998194,2.022183267,1.872596494,1.94008768,1.914078189,2.451570645,1.950631775,1.972991108,2.593323943,1.964608237,2.139378514
2.188907914,2.15579918,2.168077144,1.528845829,1.938645247,1.42096438,1.510893505,2.274576991,1.853218406,2.294461946,2.157960557,2.321794722,1.829038054,1.987075128,2.206225331,2,1.53592337,2.446015614,1.746679557,2.421800342,2.191266698,1.567002344,2.410030002,2.23034217,2.348659578,2.158111217,0.433825021,2.041525619,2.126528839,2.357037172,2.330266692,2.080456221,2.286511425,1.648847578,2.339173842,1.622124391,1.999306116,2.257728762,1.609925113,2.399106402,2.244041884,2.452816084,2.38161185,2.510047326,1.780257006,1.860389253,2.130438201,2.505341777,2.521077897,1.981677851,1.60128065,2.097114851,2.478253735,2.110776332,2.338092336,2.100079987,2.564280965,2.424150579,1.9542686,1.983478319,2.491608371,2.335815698,1.996574432,2.458898066,2.199734411,2.43534295,2.047797301,2.003692895,2.207264368,2.39528323,2.234353979,2.266338152,2.349573177,2.545005022,2.348139608,2.36808476,2.516060018,2.18095555,2.244646937,2.164052336,2.178905107,2.557761434,2.544614487,2.181904148,2.234358591,2.172905841,2.391823113,2.340477011,2.177684313,2.322767331,1.705945309,1.70022075,1.843347212,1.464761704,2.406075843,2.075382107,2.274882825,2.33486275,2.314647795,1.897726275,2.391116609,2.216462035,2.25271647,2.200433525,2.324994042,2.34455236,2.191615885,1.959429478,2.125093272,2.13430244,1.987420545,2.342260841,2.281356796,2.371542915,1.913373396,2.143474015,2.112381507,2.353903634,1.872749853,2.349730597,2.051878471,1.564231653,2.159363587,2.150708924,2.312731323,2.011458789,1.679638116,2.40322875,2.349384573,2.066219837,2.425815128,2.400773933,2.110822928,2.383852794,2.331122406,2.281667451,1.458382016,2.468673573,1.452487795,2.228871301,2.270164037,2.516039478,2.315758087,2.109103119,1.763977471,2.245667531,2.403340114,2.013593495,2.418179807,2.429153329,2.41426374,2.13257154,1.806516483,2.142589088,2.439145147,2.470512825,1.560741093,2.338182946,2.363626586,2.527093241,2.688822613,2.297107847,2.262542836,2.613991022,2.453792519,2.18850684,2.074738189,2.067337103,2.172338351,2.13799154,2.025054572,1.808468089,2.337304696,2.038905656,2.278005146,2.308814648,2.194184591,2.174126345,1.840956152,1.861957185,2.15013398,2.105736723,2.342210502,1.984391998,2.241782719,1.97666957,2.319902699,1.751760174,2.363807513,1.719455245,2.342248729,1.88810733,1.448784425,1.858990272,1.977045633,2.327921645,2.469465941,2.362442744,2.33616871,2.271662193,1.621902281,1.970535859,1.96722047,1.942137104,2.438047479,2.189476904,2.328410055
